GRT_LABELLED_TIME_SERIES_CLASSIFICATION_DATA_FILE_V1.0
DatasetName: NOT_SET
InfoText: 
NumDimensions: 7
TotalNumTrainingExamples: 8
NumberOfClasses: 1
ClassIDsAndCounters: 
2	8
UseExternalRanges: 0
LabelledTimeSeriesTrainingData:
************TIME_SERIES************
ClassID: 2
TimeSeriesLength: 88
TimeSeriesData: 
0.554257	0.266456	0	2	0.487235	-0.528775	2.17009
0.551018	0.260463	0	2	0.488874	-0.527323	2.17061
0.551018	0.260463	0	2	0.488874	-0.527323	2.17061
0.545517	0.252008	0	2	0.486209	-0.523856	2.17347
0.545517	0.252008	0	2	0.486209	-0.523856	2.17347
0.594192	0.243836	0	2	0.536575	-0.539388	2.12317
0.594192	0.243836	0	2	0.536575	-0.539388	2.12317
0.63326	0.238668	0	2	0.571735	-0.543402	2.07968
0.63326	0.238668	0	2	0.571735	-0.543402	2.07968
0.682765	0.236907	0	2	0.623674	-0.52842	2.01597
0.682765	0.236907	0	2	0.623674	-0.52842	2.01597
0.602446	0.229647	0	2	0.54715	-0.53894	2.11205
0.602446	0.229647	0	2	0.54715	-0.53894	2.11205
0.692433	0.228111	0	2	0.628516	-0.522958	2.00198
0.692433	0.228111	0	2	0.628516	-0.522958	2.00198
0.697386	0.227392	0	2	0.634118	-0.525195	2.0009
0.697386	0.227392	0	2	0.634118	-0.525195	2.0009
0.695893	0.220925	0	2	0.634816	-0.521722	2.00038
0.695893	0.220925	0	2	0.634816	-0.521722	2.00038
0.693971	0.216325	0	2	0.635054	-0.525644	2.00685
0.693971	0.216325	0	2	0.635054	-0.525644	2.00685
0.694017	0.210272	0	2	0.635228	-0.525508	2.00714
0.694017	0.210272	0	2	0.635228	-0.525508	2.00714
0.696992	0.199343	0	2	0.636557	-0.525591	2.00445
0.696992	0.199343	0	2	0.636557	-0.525591	2.00445
0.699261	0.190283	0	2	0.635098	-0.526344	2.00166
0.699269	0.191557	0	2	0.638114	-0.525783	2.00398
0.699269	0.191557	0	2	0.638114	-0.525783	2.00398
0.699586	0.208098	0	2	0.635649	-0.526685	2.00426
0.699586	0.208098	0	2	0.635649	-0.526685	2.00426
0.700637	0.253721	0	0	0.635671	-0.524973	2.00288
0.700637	0.253721	0	0	0.635671	-0.524973	2.00288
0.699143	0.285955	0	0	0.631298	-0.527674	2.00511
0.702513	0.32714	0	0	0.633838	-0.527916	2.00181
0.705132	0.371389	0	0	0.635234	-0.525941	1.99888
0.705132	0.371389	0	0	0.635234	-0.525941	1.99888
0.705155	0.413315	0	2	0.636003	-0.525032	1.99884
0.709023	0.460921	0	2	0.636355	-0.52662	1.99628
0.709133	0.501057	0	2	0.635783	-0.526658	1.9971
0.706864	0.537554	0	2	0.63771	-0.526128	2.00019
0.706348	0.564277	0	0	0.635538	-0.526714	2.00065
0.706348	0.564277	0	0	0.635538	-0.526714	2.00065
0.709869	0.57808	0	0	0.636738	-0.526768	1.99625
0.708549	0.589661	0	0	0.637371	-0.524193	1.99598
0.567253	0.599088	0	0	0.516225	-0.527174	2.14693
0.706527	0.598733	0	0	0.63439	-0.525569	1.99781
0.568522	0.597119	0	0	0.518424	-0.528606	2.14591
0.568245	0.586886	0	2	0.517961	-0.527989	2.14505
0.565519	0.574419	0	2	0.516025	-0.527507	2.14788
0.569269	0.556641	0	0	0.518387	-0.528819	2.1436
0.568203	0.535716	0	0	0.51837	-0.528384	2.14469
0.566093	0.514768	0	2	0.518156	-0.527035	2.14604
0.705229	0.483859	0	2	0.635607	-0.525416	1.99715
0.579984	0.406617	0	2	0.529838	-0.534274	2.13566
0.70306	0.365879	0	2	0.634807	-0.525516	1.99831
0.581724	0.326936	0	2	0.529667	-0.533733	2.13154
0.581084	0.287341	0	2	0.530358	-0.535183	2.13374
0.613047	0.257275	0	2	0.556412	-0.54191	2.10224
0.61387	0.233427	0	2	0.558387	-0.543208	2.1021
0.604531	0.194769	0	2	0.550197	-0.541405	2.11041
0.580527	0.197666	0	2	0.528051	-0.534877	2.13201
0.579073	0.200507	0	2	0.528519	-0.535412	2.13376
0.557542	0.197845	0	2	0.511637	-0.528607	2.15343
0.696942	0.222472	0	2	0.63613	-0.526058	2.00369
0.698592	0.239049	0	2	0.632559	-0.528752	2.00243
0.698159	0.261767	0	2	0.634055	-0.526906	2.00235
0.579597	0.313378	0	2	0.528155	-0.535052	2.13318
0.606667	0.340376	0	2	0.550278	-0.541307	2.1071
0.698994	0.367009	0	2	0.630295	-0.52854	2.0022
0.70028	0.395395	0	2	0.630289	-0.52818	2.00087
0.699177	0.451726	0	2	0.632406	-0.528949	2.00402
0.700425	0.477984	0	2	0.632982	-0.526797	2.00161
0.699398	0.531758	0	2	0.630547	-0.528009	2.00355
0.70109	0.561068	0	2	0.63021	-0.52725	2.0014
0.702077	0.570212	0	2	0.634742	-0.526686	2.00146
0.702765	0.576083	0	2	0.634213	-0.526966	2.00067
0.701063	0.582964	0	2	0.632943	-0.526173	2.00184
0.701827	0.576113	0	0	0.632774	-0.52616	1.99978
0.702701	0.570563	0	2	0.632859	-0.525785	1.99858
0.578695	0.539727	0	0	0.532035	-0.532604	2.13483
0.699722	0.524268	0	0	0.633612	-0.525996	2.00112
0.645824	0.464342	0	0	0.580314	-0.542621	2.06557
0.575903	0.431455	0	2	0.527393	-0.532473	2.13728
0.562387	0.365886	0	2	0.524215	-0.525625	2.14949
0.564784	0.305166	0	2	0.525178	-0.525856	2.14646
0.580337	0.254054	0	2	0.533294	-0.534053	2.13426
0.700131	0.237203	0	2	0.632938	-0.526436	2.0005
0.701455	0.19936	0	2	0.636179	-0.525272	1.99869
************TIME_SERIES************
ClassID: 2
TimeSeriesLength: 96
TimeSeriesData: 
0.690351	0.199299	0	2	0.629842	-0.521933	2.00606
0.690351	0.199299	0	2	0.629842	-0.521933	2.00606
0.698929	0.198466	0	0	0.630866	-0.525919	1.99846
0.698929	0.198466	0	0	0.630866	-0.525919	1.99846
0.699516	0.197408	0	0	0.635514	-0.525631	1.99892
0.699516	0.197408	0	0	0.635514	-0.525631	1.99892
0.699516	0.197408	0	0	0.635514	-0.525631	1.99892
0.699516	0.197408	0	0	0.635514	-0.525631	1.99892
0.698375	0.2036	0	2	0.63513	-0.525015	1.99972
0.698375	0.2036	0	2	0.63513	-0.525015	1.99972
0.697536	0.206494	0	2	0.635494	-0.523748	2.00009
0.697536	0.206494	0	2	0.635494	-0.523748	2.00009
0.581639	0.210111	0	2	0.534263	-0.533366	2.1309
0.581639	0.210111	0	2	0.534263	-0.533366	2.1309
0.692951	0.232083	0	2	0.630568	-0.523765	2.00437
0.692951	0.232083	0	2	0.630568	-0.523765	2.00437
0.669945	0.256093	0	2	0.597037	-0.539289	2.03417
0.669945	0.256093	0	2	0.597037	-0.539289	2.03417
0.581915	0.288564	0	2	0.529448	-0.535808	2.13157
0.581915	0.288564	0	2	0.529448	-0.535808	2.13157
0.634741	0.326875	0	2	0.57092	-0.544806	2.07747
0.634741	0.326875	0	2	0.57092	-0.544806	2.07747
0.611681	0.367787	0	2	0.554489	-0.543075	2.10295
0.611681	0.367787	0	2	0.554489	-0.543075	2.10295
0.62565	0.41264	0	2	0.565344	-0.544081	2.08821
0.62565	0.41264	0	2	0.565344	-0.544081	2.08821
0.62278	0.458723	0	2	0.563355	-0.544284	2.09201
0.607466	0.503029	0	2	0.550398	-0.543028	2.1085
0.607466	0.503029	0	2	0.550398	-0.543028	2.1085
0.63162	0.541084	0	2	0.567483	-0.545631	2.08397
0.63162	0.541084	0	2	0.567483	-0.545631	2.08397
0.609151	0.57304	0	0	0.551371	-0.540509	2.10698
0.595514	0.596822	0	0	0.537458	-0.539827	2.12249
0.595514	0.596822	0	0	0.537458	-0.539827	2.12249
0.701173	0.619749	0	2	0.628537	-0.521318	1.99826
0.701956	0.631714	0	2	0.626206	-0.524744	1.99883
0.599064	0.638723	0	0	0.540142	-0.541548	2.12093
0.599064	0.638723	0	0	0.540142	-0.541548	2.12093
0.554287	0.639261	0	0	0.504242	-0.525834	2.16083
0.506357	0.636285	0	2	0.466922	-0.506708	2.20438
0.505193	0.62618	0	2	0.467398	-0.506628	2.20532
0.50473	0.59773	0	2	0.466893	-0.506056	2.2044
0.50473	0.59773	0	2	0.466893	-0.506056	2.2044
0.558077	0.571764	0	2	0.508573	-0.527909	2.15599
0.559161	0.53732	0	2	0.510959	-0.527884	2.15467
0.556238	0.465445	0	2	0.507881	-0.527582	2.15698
0.556238	0.465445	0	2	0.507881	-0.527582	2.15698
0.561379	0.421281	0	2	0.510681	-0.52964	2.15201
0.559025	0.384758	0	2	0.509968	-0.528309	2.15344
0.557742	0.342577	0	2	0.50971	-0.527726	2.15422
0.557999	0.308147	0	2	0.509604	-0.527368	2.15338
0.525997	0.253046	0	2	0.489407	-0.510567	2.17885
0.553064	0.233437	0	2	0.507574	-0.525247	2.1583
0.519408	0.218372	0	2	0.48045	-0.514816	2.19158
0.535098	0.202611	0	2	0.490407	-0.520313	2.17643
0.605098	0.225926	0	2	0.546105	-0.54249	2.11139
0.608148	0.227974	0	0	0.549084	-0.542835	2.10837
0.613569	0.224817	0	0	0.553293	-0.544167	2.10341
0.581307	0.243776	0	0	0.527104	-0.537653	2.13555
0.695109	0.290525	0	2	0.626286	-0.528232	2.00879
0.695957	0.321047	0	2	0.626065	-0.529228	2.00862
0.604424	0.349291	0	2	0.544078	-0.541893	2.11304
0.698374	0.410272	0	2	0.628491	-0.528612	2.0071
0.697696	0.442201	0	2	0.626809	-0.528926	2.00788
0.700961	0.4745	0	2	0.629559	-0.529427	2.00526
0.704952	0.537197	0	0	0.629811	-0.527918	1.99991
0.625291	0.575685	0	0	0.559646	-0.542281	2.0917
0.705896	0.589602	0	0	0.630019	-0.527692	1.99911
0.698745	0.605218	0	2	0.619635	-0.53019	2.00693
0.698216	0.611787	0	2	0.621718	-0.529944	2.00825
0.6987	0.6123	0	2	0.621125	-0.530558	2.00838
0.69801	0.606856	0	0	0.619871	-0.529615	2.00829
0.697192	0.596631	0	0	0.619629	-0.530715	2.00965
0.700212	0.572123	0	2	0.623399	-0.528335	2.00531
0.557695	0.547863	0	2	0.506415	-0.525979	2.15884
0.502063	0.523237	0	2	0.4644	-0.503163	2.20951
0.5613	0.463496	0	2	0.509739	-0.52929	2.15656
0.561435	0.397825	0	2	0.510831	-0.528243	2.15502
0.56883	0.364073	0	2	0.514793	-0.532451	2.149
0.555717	0.302549	0	2	0.505561	-0.526887	2.15932
0.559855	0.278433	0	2	0.509058	-0.528034	2.15495
0.566831	0.240328	0	2	0.513727	-0.531778	2.14898
0.596386	0.222451	0	2	0.538809	-0.540767	2.1213
0.567902	0.216272	0	2	0.514055	-0.532794	2.14888
0.610462	0.210396	0	2	0.549973	-0.543695	2.1081
0.611814	0.218514	0	2	0.551731	-0.544219	2.10691
0.708711	0.252056	0	0	0.628382	-0.527883	1.99183
0.708458	0.248169	0	2	0.630926	-0.526778	1.99246
0.626587	0.305888	0	2	0.563236	-0.545517	2.09102
0.638719	0.338949	0	2	0.570677	-0.544833	2.07658
0.640478	0.413611	0	2	0.572462	-0.545523	2.0756
0.70701	0.48978	0	2	0.628585	-0.526799	1.99459
0.705154	0.526653	0	2	0.629374	-0.528531	1.99839
0.623301	0.622592	0	0	0.559069	-0.543962	2.09393
0.625179	0.641002	0	2	0.560708	-0.544748	2.09253
0.702073	0.668228	0	0	0.624999	-0.528706	2.00112
************TIME_SERIES************
ClassID: 2
TimeSeriesLength: 93
TimeSeriesData: 
0.71021	0.606617	0	2	0.624878	-0.528488	2.00059
0.71021	0.606617	0	2	0.624878	-0.528488	2.00059
0.71021	0.606617	0	2	0.624878	-0.528488	2.00059
0.71648	0.680197	0	2	0.630659	-0.525712	1.99368
0.71648	0.680197	0	2	0.630659	-0.525712	1.99368
0.558408	0.723258	0	2	0.510717	-0.519987	2.16106
0.558408	0.723258	0	2	0.510717	-0.519987	2.16106
0.558408	0.723258	0	2	0.510717	-0.519987	2.16106
0.558408	0.723258	0	2	0.510717	-0.519987	2.16106
0.712839	0.722488	0	2	0.633127	-0.525109	1.99959
0.712839	0.722488	0	2	0.633127	-0.525109	1.99959
0.712839	0.722488	0	2	0.633127	-0.525109	1.99959
0.712839	0.722488	0	2	0.633127	-0.525109	1.99959
0.712839	0.722488	0	2	0.633127	-0.525109	1.99959
0.712839	0.722488	0	2	0.633127	-0.525109	1.99959
0.562575	0.719936	0	2	0.514595	-0.521661	2.15865
0.71153	0.71472	0	2	0.63258	-0.523285	2.00037
0.555139	0.713992	0	2	0.507905	-0.520132	2.16677
0.506541	0.713452	0	2	0.470657	-0.499915	2.20999
0.506541	0.713452	0	2	0.470657	-0.499915	2.20999
0.506541	0.713452	0	2	0.470657	-0.499915	2.20999
0.557673	0.714334	0	2	0.510714	-0.52084	2.16489
0.557673	0.714334	0	2	0.510714	-0.52084	2.16489
0.556365	0.715116	0	0	0.508186	-0.520313	2.16594
0.556365	0.715116	0	0	0.508186	-0.520313	2.16594
0.559604	0.716322	0	0	0.509558	-0.521438	2.16276
0.557524	0.723084	0	0	0.510318	-0.520832	2.16525
0.558358	0.724747	0	0	0.509343	-0.521263	2.16434
0.558358	0.724747	0	0	0.509343	-0.521263	2.16434
0.557733	0.72577	0	0	0.508513	-0.520852	2.16499
0.557733	0.72577	0	0	0.508513	-0.520852	2.16499
0.558517	0.724237	0	0	0.508836	-0.520598	2.16407
0.554877	0.716277	0	0	0.505297	-0.519833	2.1682
0.554877	0.716277	0	0	0.505297	-0.519833	2.1682
0.555924	0.697871	0	0	0.504819	-0.519695	2.16678
0.557083	0.674706	0	0	0.506676	-0.520566	2.16619
0.557083	0.674706	0	0	0.506676	-0.520566	2.16619
0.543635	0.62627	0	0	0.49733	-0.514588	2.17735
0.540741	0.602751	0	2	0.49612	-0.512028	2.17805
0.539445	0.568803	0	2	0.496138	-0.512455	2.17912
0.570348	0.531406	0	2	0.514406	-0.529088	2.15494
0.578896	0.493893	0	2	0.522939	-0.53014	2.14538
0.578896	0.493893	0	2	0.522939	-0.53014	2.14538
0.578872	0.460431	0	2	0.522369	-0.53149	2.14589
0.578462	0.422732	0	2	0.521505	-0.531047	2.14566
0.580796	0.392491	0	2	0.523555	-0.533809	2.14524
0.586084	0.357612	0	2	0.526881	-0.535024	2.13969
0.584459	0.323341	0	2	0.524991	-0.534839	2.14116
0.584927	0.293514	0	2	0.524713	-0.534194	2.13971
0.547843	0.268337	0	2	0.496313	-0.522417	2.17418
0.628079	0.246145	0	2	0.557224	-0.544295	2.09831
0.696024	0.233045	0	2	0.608826	-0.533153	2.01748
0.709691	0.221936	0	2	0.625056	-0.526672	2.00108
0.59401	0.223773	0	2	0.530253	-0.53993	2.13198
0.708248	0.240367	0	2	0.6232	-0.529447	2.00331
0.707022	0.212333	0	2	0.625287	-0.526485	2.00395
0.708641	0.213022	0	2	0.625332	-0.528451	2.00295
0.708635	0.251548	0	0	0.6266	-0.52673	2.0016
0.555304	0.246834	0	2	0.501877	-0.528412	2.16453
0.610089	0.259393	0	2	0.544674	-0.544225	2.11385
0.611068	0.267402	0	2	0.54687	-0.541267	2.10987
0.695733	0.302387	0	2	0.61363	-0.531082	2.01342
0.605091	0.325603	0	2	0.541042	-0.543783	2.11842
0.706675	0.384147	0	2	0.625652	-0.53008	2.00311
0.706192	0.413899	0	2	0.626278	-0.527974	2.00245
0.711575	0.481289	0	2	0.631095	-0.525753	1.99579
0.709293	0.516447	0	2	0.62667	-0.527285	1.99775
0.708357	0.584677	0	2	0.628606	-0.53026	2.00214
0.709666	0.621941	0	2	0.627109	-0.52949	2.00029
0.712787	0.646469	0	2	0.628634	-0.52773	1.99639
0.712005	0.700105	0	2	0.626862	-0.528375	1.99909
0.629452	0.718628	0	2	0.566828	-0.53732	2.09175
0.559944	0.752884	0	0	0.505511	-0.525223	2.15861
0.558675	0.762588	0	2	0.505089	-0.524524	2.16032
0.559348	0.781073	0	0	0.504564	-0.524322	2.16021
0.558038	0.779761	0	0	0.504173	-0.523874	2.16164
0.557583	0.780001	0	0	0.499694	-0.529106	2.16643
0.549641	0.773159	0	2	0.498286	-0.520915	2.16957
0.55212	0.752358	0	0	0.500219	-0.522109	2.1678
0.551638	0.698091	0	0	0.500213	-0.521662	2.16787
0.550651	0.670264	0	0	0.501003	-0.521437	2.16893
0.551775	0.602431	0	0	0.50287	-0.521547	2.16559
0.553324	0.572048	0	2	0.505162	-0.523675	2.16514
0.554356	0.532522	0	2	0.506486	-0.523385	2.16279
0.549592	0.457337	0	2	0.503861	-0.519356	2.16436
0.543281	0.381823	0	2	0.50096	-0.518569	2.17141
0.536472	0.314137	0	2	0.502261	-0.510542	2.17471
0.593447	0.288016	0	2	0.534042	-0.538535	2.13022
0.62163	0.24365	0	2	0.552887	-0.542913	2.10219
0.629012	0.222333	0	2	0.559549	-0.543167	2.09502
0.596036	0.218851	0	2	0.5342	-0.539139	2.12861
0.556972	0.231322	0	2	0.504314	-0.526734	2.16336
0.54559	0.224679	0	0	0.498613	-0.520082	2.17158
************TIME_SERIES************
ClassID: 2
TimeSeriesLength: 82
TimeSeriesData: 
0.51795	0.279294	0	2	0.473052	-0.513404	2.19654
0.517643	0.279289	0	2	0.473291	-0.512905	2.19557
0.517643	0.279289	0	2	0.473291	-0.512905	2.19557
0.517643	0.279289	0	2	0.473291	-0.512905	2.19557
0.51659	0.27974	0	2	0.474059	-0.512848	2.19661
0.515904	0.279604	0	2	0.474653	-0.512265	2.19667
0.515904	0.279604	0	2	0.474653	-0.512265	2.19667
0.579216	0.280503	0	2	0.524344	-0.535651	2.13624
0.579216	0.280503	0	2	0.524344	-0.535651	2.13624
0.579216	0.280503	0	2	0.524344	-0.535651	2.13624
0.579216	0.280503	0	2	0.524344	-0.535651	2.13624
0.515927	0.280165	0	2	0.473506	-0.513025	2.1968
0.516246	0.280364	0	2	0.473591	-0.513645	2.19632
0.516246	0.280364	0	2	0.473591	-0.513645	2.19632
0.516246	0.280364	0	2	0.473591	-0.513645	2.19632
0.519447	0.280835	0	2	0.475604	-0.513903	2.19216
0.519447	0.280835	0	2	0.475604	-0.513903	2.19216
0.519447	0.280835	0	2	0.475604	-0.513903	2.19216
0.516646	0.276388	0	2	0.473517	-0.513654	2.1958
0.516646	0.276388	0	2	0.473517	-0.513654	2.1958
0.516269	0.269815	0	2	0.473872	-0.513199	2.19615
0.516269	0.269815	0	2	0.473872	-0.513199	2.19615
0.532079	0.25994	0	2	0.486016	-0.519908	2.18156
0.532079	0.25994	0	2	0.486016	-0.519908	2.18156
0.535067	0.253718	0	2	0.48721	-0.520528	2.17884
0.535067	0.253718	0	2	0.48721	-0.520528	2.17884
0.56594	0.243952	0	2	0.513315	-0.532316	2.15132
0.56594	0.243952	0	2	0.513315	-0.532316	2.15132
0.57148	0.241097	0	2	0.514894	-0.533223	2.14839
0.573542	0.247126	0	2	0.511327	-0.533351	2.15335
0.573542	0.247126	0	2	0.511327	-0.533351	2.15335
0.567992	0.252252	0	0	0.50505	-0.53058	2.1599
0.567992	0.252252	0	0	0.50505	-0.53058	2.1599
0.564678	0.283408	0	0	0.501461	-0.529988	2.1645
0.535693	0.312664	0	0	0.475707	-0.518243	2.19173
0.535693	0.312664	0	0	0.475707	-0.518243	2.19173
0.520982	0.317768	0	0	0.463886	-0.512637	2.20668
0.524062	0.3253	0	1	0.467199	-0.514387	2.20377
0.553858	0.580266	0	1	0.490247	-0.525498	2.17294
0.553858	0.580266	0	1	0.490247	-0.525498	2.17294
0.560927	0.507521	0	1	0.498879	-0.529883	2.16625
0.5498	0.493389	1	1	0.487298	-0.526019	2.17589
0.576509	0.495506	0	0	0.511341	-0.534416	2.14773
0.567751	0.522222	0	0	0.506296	-0.531742	2.15602
0.578076	0.622194	0	0	0.515101	-0.534968	2.14612
0.570899	0.616554	0	0	0.507021	-0.532429	2.15271
0.570899	0.616554	0	0	0.507021	-0.532429	2.15271
0.56904	0.594884	0	0	0.506672	-0.531972	2.15509
0.570806	0.558424	0	0	0.507501	-0.532356	2.15358
0.56774	0.366756	0	0	0.504393	-0.531517	2.15853
0.567978	0.578543	0	0	0.50396	-0.531239	2.15824
0.571113	0.578039	0	0	0.506837	-0.5323	2.15567
0.599289	0.574593	0	0	0.532024	-0.539864	2.12745
0.587258	0.279364	0	0	0.520563	-0.537763	2.14
0.713739	0.309563	0	2	0.634413	-0.523874	1.99569
0.716633	0.330328	0	2	0.635099	-0.52568	1.9937
0.612534	0.351745	0	2	0.546004	-0.54053	2.11385
0.604255	0.398757	0	2	0.532921	-0.541893	2.12364
0.552761	0.42364	0	2	0.491495	-0.524514	2.17255
0.592402	0.45299	0	2	0.52441	-0.537603	2.13495
0.592167	0.508313	0	2	0.52395	-0.537425	2.13545
0.547748	0.535034	0	2	0.488975	-0.521075	2.17707
0.586025	0.559797	0	2	0.51853	-0.535115	2.14154
0.585514	0.598741	0	2	0.518237	-0.534317	2.14209
0.550758	0.61765	0	0	0.489624	-0.521521	2.17474
0.55072	0.63665	0	0	0.490097	-0.520964	2.17435
0.547306	0.648065	0	2	0.486339	-0.520521	2.17913
0.511868	0.661052	0	2	0.458534	-0.504208	2.21173
0.515961	0.661719	0	2	0.461732	-0.50613	2.20826
0.516925	0.666849	0	2	0.463316	-0.506791	2.20792
0.514339	0.664122	0	2	0.460126	-0.505071	2.20955
0.511567	0.654362	0	0	0.458961	-0.503812	2.21269
0.539414	0.643075	0	0	0.479133	-0.515791	2.18614
0.537927	0.604054	0	2	0.478788	-0.515823	2.18857
0.536827	0.55367	0	2	0.476799	-0.514971	2.18986
0.535478	0.483197	0	2	0.476561	-0.514538	2.19235
0.547915	0.404515	0	2	0.487229	-0.51949	2.18058
0.599621	0.370431	0	2	0.527723	-0.539615	2.1331
0.573576	0.337351	0	2	0.507265	-0.530929	2.15896
0.666595	0.281432	0	2	0.583897	-0.546584	2.06261
0.665011	0.266494	0	2	0.582117	-0.547079	2.06513
0.717055	0.251882	0	2	0.627807	-0.526439	1.99747
************TIME_SERIES************
ClassID: 2
TimeSeriesLength: 67
TimeSeriesData: 
0.53889	0.493891	0	2	0.475895	-0.517101	2.1887
0.53889	0.493891	0	2	0.475895	-0.517101	2.1887
0.53889	0.493891	0	2	0.475895	-0.517101	2.1887
0.53549	0.542159	0	2	0.475107	-0.514543	2.1922
0.53549	0.542159	0	2	0.475107	-0.514543	2.1922
0.53549	0.542159	0	2	0.475107	-0.514543	2.1922
0.53549	0.542159	0	2	0.475107	-0.514543	2.1922
0.53549	0.542159	0	2	0.475107	-0.514543	2.1922
0.53549	0.542159	0	2	0.475107	-0.514543	2.1922
0.534297	0.60006	0	2	0.473007	-0.51223	2.19483
0.534297	0.60006	0	2	0.473007	-0.51223	2.19483
0.534508	0.603575	0	2	0.471985	-0.512075	2.19593
0.534508	0.603575	0	2	0.471985	-0.512075	2.19593
0.534508	0.603575	0	2	0.471985	-0.512075	2.19593
0.534508	0.603575	0	2	0.471985	-0.512075	2.19593
0.535582	0.605863	0	2	0.46912	-0.512949	2.19676
0.535582	0.605863	0	2	0.46912	-0.512949	2.19676
0.534997	0.601764	0	2	0.469451	-0.512011	2.19785
0.533598	0.593339	0	2	0.467899	-0.511924	2.20041
0.533598	0.593339	0	2	0.467899	-0.511924	2.20041
0.533873	0.579573	0	2	0.468005	-0.51218	2.2004
0.533873	0.579573	0	2	0.468005	-0.51218	2.2004
0.551945	0.559131	0	2	0.47877	-0.520934	2.18395
0.551945	0.559131	0	2	0.47877	-0.520934	2.18395
0.560696	0.53398	0	2	0.489237	-0.52379	2.17499
0.560696	0.53398	0	2	0.489237	-0.52379	2.17499
0.554446	0.508851	0	2	0.480806	-0.52156	2.18119
0.56212	0.475006	0	2	0.490498	-0.523728	2.174
0.56212	0.475006	0	2	0.490498	-0.523728	2.174
0.561999	0.44666	0	2	0.489256	-0.523236	2.1738
0.560739	0.417608	0	2	0.489017	-0.523517	2.17606
0.598697	0.385267	0	2	0.520755	-0.537912	2.14101
0.598697	0.385267	0	2	0.520755	-0.537912	2.14101
0.711499	0.355423	0	2	0.617013	-0.529276	2.01006
0.709438	0.332014	0	2	0.615961	-0.531692	2.01404
0.709438	0.332014	0	2	0.615961	-0.531692	2.01404
0.715649	0.306149	0	2	0.62185	-0.528765	2.00605
0.563978	0.287078	0	2	0.492968	-0.525371	2.17508
0.58756	0.273036	0	2	0.515204	-0.530608	2.15026
0.58756	0.273036	0	2	0.515204	-0.530608	2.15026
0.590818	0.261052	0	2	0.519793	-0.531387	2.14719
0.590292	0.255562	0	2	0.52036	-0.529664	2.14764
0.591462	0.254885	0	2	0.522726	-0.529731	2.14786
0.726678	0.257973	0	2	0.631313	-0.525227	1.99792
0.727681	0.258687	0	0	0.629452	-0.524997	1.99742
0.727681	0.258687	0	0	0.629452	-0.524997	1.99742
0.726369	0.264375	0	0	0.630218	-0.525774	2.00029
0.727657	0.24479	0	0	0.628968	-0.525522	1.99857
0.727244	0.296933	1	0	0.627762	-0.526645	1.99947
0.728609	0.258887	1	2	0.631034	-0.525537	1.99768
0.608275	0.256914	0	2	0.532287	-0.53355	2.13204
0.726455	0.25061	0	2	0.628455	-0.528396	2.00034
0.723322	0.261428	0	2	0.626848	-0.526499	2.00136
0.72664	0.277272	0	2	0.630098	-0.527377	1.99687
0.720587	0.317425	0	2	0.630152	-0.5274	2.00212
0.717431	0.347125	0	2	0.624994	-0.529054	2.00494
0.715249	0.377845	0	2	0.627778	-0.527787	2.00584
0.715517	0.414095	0	2	0.626757	-0.525181	2.00162
0.714539	0.450668	0	2	0.626454	-0.526574	2.00217
0.712594	0.489311	0	2	0.626804	-0.526364	2.00355
0.714347	0.558944	0	2	0.62845	-0.525194	1.99992
0.713356	0.602377	0	0	0.626947	-0.524832	1.9997
0.713356	0.602377	0	0	0.626947	-0.524832	1.9997
0.714017	0.638221	0	2	0.628392	-0.525066	1.99915
0.518717	0.652873	0	2	0.471114	-0.50371	2.20562
0.52124	0.658314	0	2	0.472957	-0.504676	2.20267
0.519299	0.656865	0	0	0.472167	-0.504588	2.20509
************TIME_SERIES************
ClassID: 2
TimeSeriesLength: 51
TimeSeriesData: 
0.567707	0.366919	0	0	0.490321	-0.520028	2.17544
0.567707	0.366919	0	0	0.490321	-0.520028	2.17544
0.567707	0.366919	0	0	0.490321	-0.520028	2.17544
0.567707	0.366919	0	0	0.490321	-0.520028	2.17544
0.567707	0.366919	0	0	0.490321	-0.520028	2.17544
0.567707	0.366919	0	0	0.490321	-0.520028	2.17544
0.567707	0.366919	0	0	0.490321	-0.520028	2.17544
0.567707	0.366919	0	0	0.490321	-0.520028	2.17544
0.567707	0.366919	0	0	0.490321	-0.520028	2.17544
0.567707	0.366919	0	0	0.490321	-0.520028	2.17544
0.567707	0.366919	0	0	0.490321	-0.520028	2.17544
0.567707	0.366919	0	0	0.490321	-0.520028	2.17544
0.567707	0.366919	0	0	0.490321	-0.520028	2.17544
0.567707	0.366919	0	0	0.490321	-0.520028	2.17544
0.567707	0.366919	0	0	0.490321	-0.520028	2.17544
0.567707	0.366919	0	0	0.490321	-0.520028	2.17544
0.555594	0.364384	0	0	0.484762	-0.512654	2.18401
0.536689	0.352873	0	0	0.465326	-0.508548	2.20424
0.521878	0.352832	0	0	0.45388	-0.503395	2.21931
0.521878	0.352832	0	0	0.45388	-0.503395	2.21931
0.521878	0.352832	0	0	0.45388	-0.503395	2.21931
0.527105	0.359835	0	0	0.457908	-0.50513	2.21399
0.566651	0.287198	0	0	0.488609	-0.520579	2.1762
0.566651	0.287198	0	0	0.488609	-0.520579	2.1762
0.571448	0.305199	0	0	0.49187	-0.521937	2.17109
0.571448	0.305199	0	0	0.49187	-0.521937	2.17109
0.571276	0.29997	0	2	0.491906	-0.522483	2.17172
0.571276	0.29997	0	2	0.491906	-0.522483	2.17172
0.547125	0.282774	0	2	0.473465	-0.513624	2.19529
0.669178	0.287023	0	2	0.573365	-0.548283	2.07847
0.669178	0.287023	0	2	0.573365	-0.548283	2.07847
0.645115	0.291869	0	2	0.554592	-0.53988	2.09763
0.601583	0.300396	0	2	0.518753	-0.532642	2.1423
0.658661	0.317077	0	2	0.564846	-0.543333	2.08458
0.659217	0.337393	0	2	0.565667	-0.543888	2.08382
0.659217	0.337393	0	2	0.565667	-0.543888	2.08382
0.647199	0.361232	0	2	0.557959	-0.542476	2.09625
0.649412	0.389868	0	2	0.557965	-0.543556	2.09399
0.549269	0.42071	0	2	0.478092	-0.513387	2.19006
0.548812	0.456107	0	2	0.477193	-0.512879	2.18994
0.549244	0.492496	0	2	0.478428	-0.512899	2.18953
0.5949	0.529698	0	2	0.513964	-0.530924	2.14756
0.5949	0.529698	0	2	0.513964	-0.530924	2.14756
0.600068	0.56349	0	2	0.518299	-0.533335	2.14304
0.600394	0.591499	0	2	0.518408	-0.533657	2.14281
0.626262	0.615714	0	2	0.541066	-0.539424	2.11697
0.732463	0.632122	0	2	0.632714	-0.525746	1.99569
0.53138	0.655347	0	2	0.463083	-0.505824	2.20518
0.532008	0.662273	0	2	0.464256	-0.506805	2.20458
0.531736	0.668476	0	0	0.465456	-0.505975	2.20319
0.531093	0.672879	0	0	0.466139	-0.506174	2.20358
************TIME_SERIES************
ClassID: 2
TimeSeriesLength: 59
TimeSeriesData: 
0.532178	0.636657	0	0	0.47058	-0.511623	2.20031
0.532178	0.636657	0	0	0.47058	-0.511623	2.20031
0.532178	0.636657	0	0	0.47058	-0.511623	2.20031
0.532178	0.636657	0	0	0.47058	-0.511623	2.20031
0.532178	0.636657	0	0	0.47058	-0.511623	2.20031
0.571657	0.62284	0	0	0.502524	-0.52569	2.16072
0.571657	0.62284	0	0	0.502524	-0.52569	2.16072
0.535592	0.626652	0	0	0.476467	-0.509698	2.1952
0.535592	0.626652	0	0	0.476467	-0.509698	2.1952
0.535592	0.626652	0	0	0.476467	-0.509698	2.1952
0.535592	0.626652	0	0	0.476467	-0.509698	2.1952
0.539549	0.625997	0	0	0.477392	-0.511699	2.19251
0.539549	0.625997	0	0	0.477392	-0.511699	2.19251
0.539081	0.626219	0	0	0.474484	-0.51145	2.19344
0.540135	0.630861	0	0	0.473253	-0.510956	2.19176
0.537796	0.629085	0	0	0.473842	-0.510897	2.1957
0.537796	0.629085	0	0	0.473842	-0.510897	2.1957
0.548657	0.630219	0	0	0.483517	-0.514271	2.18406
0.548657	0.630219	0	0	0.483517	-0.514271	2.18406
0.558687	0.633711	0	0	0.491917	-0.517551	2.17477
0.558687	0.633711	0	0	0.491917	-0.517551	2.17477
0.561199	0.635492	0	0	0.492815	-0.518316	2.17221
0.561199	0.635492	0	0	0.492815	-0.518316	2.17221
0.560614	0.643151	0	0	0.493733	-0.518263	2.17307
0.560614	0.643151	0	0	0.493733	-0.518263	2.17307
0.559699	0.640776	0	0	0.492323	-0.517166	2.17338
0.554668	0.620564	0	0	0.486678	-0.51639	2.17929
0.554668	0.620564	0	0	0.486678	-0.51639	2.17929
0.550032	0.587556	0	2	0.480913	-0.51488	2.1841
0.550032	0.587556	0	2	0.480913	-0.51488	2.1841
0.703951	0.561472	0	2	0.195625	-0.379376	1.99603
0.685749	0.530309	0	2	0.188887	-0.372411	2.01868
0.685749	0.530309	0	2	0.188887	-0.372411	2.01868
0.674684	0.497197	0	2	0.182633	-0.366064	2.03337
0.668001	0.455441	0	2	0.177111	-0.359914	2.04322
0.668001	0.455441	0	2	0.177111	-0.359914	2.04322
0.663939	0.413631	3	2	0.17141	-0.35332	2.05075
0.661011	0.378087	3	2	0.165758	-0.350272	2.05806
0.659661	0.342214	3	2	0.161147	-0.340418	2.06014
0.659661	0.342214	3	2	0.161147	-0.340418	2.06014
0.658677	0.307023	3	2	0.155798	-0.340868	2.06782
0.658397	0.279987	3	2	0.152326	-0.34091	2.07178
0.658502	0.263158	3	2	0.147912	-0.339525	2.07582
0.659257	0.252099	3	2	0.143986	-0.338006	2.07781
0.659257	0.252099	3	2	0.143986	-0.338006	2.07781
0.659394	0.249779	3	2	0.141643	-0.338656	2.08114
0.675146	0.255252	0	2	0.126328	-0.299375	2.06075
0.676521	0.280722	0	2	0.123032	-0.299821	2.06152
0.67766	0.288187	0	2	0.119874	-0.29982	2.06176
0.678127	0.311858	0	0	0.114825	-0.296579	2.06269
0.679175	0.345308	0	0	0.111857	-0.298736	2.06283
0.680956	0.351955	0	0	0.108596	-0.299849	2.06264
0.681523	0.354452	0	0	0.104952	-0.300806	2.0631
0.680605	0.404438	0	0	0.103703	-0.302386	2.06439
0.680821	0.428765	0	0	0.100548	-0.304272	2.06636
0.682542	0.399225	0	0	0.0982347	-0.303859	2.06506
0.682046	0.435788	0	0	0.0983984	-0.306085	2.06582
0.68174	0.39886	0	0	0.0981516	-0.30662	2.06621
0.680799	0.39812	0	0	0.097953	-0.306859	2.06695
************TIME_SERIES************
ClassID: 2
TimeSeriesLength: 61
TimeSeriesData: 
0.679669	0.38009	0	0	0.0908859	-0.306383	2.06659
0.679669	0.38009	0	0	0.0908859	-0.306383	2.06659
0.679669	0.38009	0	0	0.0908859	-0.306383	2.06659
0.679669	0.38009	0	0	0.0908859	-0.306383	2.06659
0.679669	0.38009	0	0	0.0908859	-0.306383	2.06659
0.679669	0.38009	0	0	0.0908859	-0.306383	2.06659
0.679669	0.38009	0	0	0.0908859	-0.306383	2.06659
0.679669	0.38009	0	0	0.0908859	-0.306383	2.06659
0.678436	0.370967	0	0	0.0908081	-0.307322	2.06747
0.678436	0.370967	0	0	0.0908081	-0.307322	2.06747
0.678436	0.370967	0	0	0.0908081	-0.307322	2.06747
0.678384	0.367249	0	0	0.090095	-0.306716	2.06751
0.67921	0.362909	0	0	0.0891934	-0.306602	2.06703
0.67921	0.362909	0	0	0.0891934	-0.306602	2.06703
0.677571	0.354228	0	0	0.0898356	-0.306396	2.06744
0.677571	0.354228	0	0	0.0898356	-0.306396	2.06744
0.677571	0.354228	0	0	0.0898356	-0.306396	2.06744
0.678234	0.303802	0	0	0.0892133	-0.307714	2.06709
0.677935	0.291093	0	0	0.0892925	-0.307306	2.06711
0.677935	0.291093	0	0	0.0892925	-0.307306	2.06711
0.678706	0.287839	0	0	0.0892937	-0.306779	2.06633
0.677057	0.287625	0	0	0.0903255	-0.307451	2.06794
0.677057	0.287625	0	0	0.0903255	-0.307451	2.06794
0.67717	0.29315	0	2	0.0899615	-0.308221	2.0681
0.67717	0.29315	0	2	0.0899615	-0.308221	2.0681
0.676921	0.306282	0	2	0.0906356	-0.307598	2.06828
0.676921	0.306282	0	2	0.0906356	-0.307598	2.06828
0.677533	0.326466	0	2	0.0898092	-0.307115	2.06803
0.677533	0.326466	0	2	0.0898092	-0.307115	2.06803
0.677463	0.354373	0	2	0.0904672	-0.307672	2.06768
0.677463	0.354373	0	2	0.0904672	-0.307672	2.06768
0.678409	0.382121	0	2	0.0890586	-0.307151	2.06676
0.676429	0.414341	0	2	0.0894526	-0.308023	2.06762
0.674968	0.448486	0	2	0.0892217	-0.306831	2.06753
0.674968	0.448486	0	2	0.0892217	-0.306831	2.06753
0.675383	0.485714	0	2	0.0885035	-0.307692	2.06676
0.673089	0.523203	0	2	0.0888307	-0.30697	2.06747
0.673081	0.555219	0	2	0.0883434	-0.306649	2.06664
0.673081	0.555219	0	2	0.0883434	-0.306649	2.06664
0.672752	0.5837	0	2	0.088591	-0.30762	2.06631
0.671312	0.608608	0	2	0.0890773	-0.307364	2.06727
0.671388	0.634497	0	2	0.0886297	-0.3073	2.06716
0.670537	0.654152	0	2	0.0893855	-0.307394	2.06748
0.670537	0.654152	0	2	0.0893855	-0.307394	2.06748
0.670135	0.667775	0	0	0.0893916	-0.307508	2.06773
0.670852	0.682983	0	0	0.0889938	-0.308226	2.06718
0.670259	0.693698	0	0	0.0894634	-0.307774	2.06727
0.670629	0.698202	0	0	0.0896238	-0.307949	2.06679
0.670629	0.698202	0	0	0.0896238	-0.307949	2.06679
0.671183	0.69855	0	0	0.0897941	-0.30771	2.06656
0.672721	0.697942	0	0	0.0892371	-0.307496	2.06596
0.674001	0.700564	0	0	0.0887485	-0.307766	2.06603
0.674285	0.695112	0	0	0.0891855	-0.306828	2.066
0.675074	0.694439	0	0	0.0892211	-0.307446	2.0658
0.677309	0.691442	0	0	0.0885894	-0.30597	2.06431
0.676748	0.690754	0	0	0.0895381	-0.307113	2.06514
0.678961	0.68981	0	0	0.088726	-0.307176	2.0641
0.679308	0.690238	0	0	0.0890053	-0.308133	2.06434
0.679088	0.691073	0	0	0.0887277	-0.307053	2.06482
0.680244	0.689327	0	0	0.0887909	-0.306929	2.06358
0.680468	0.689921	0	0	0.08881	-0.30751	2.06398
